RX1	1	1.000	1.000	0.000	355392.783	4742275.034	1326.157
RX1	2	1.000	2.000	0.000	355377.687	4742270.747	1321.931
RX1	3	1.000	3.000	0.000	355363.752	4742268.354	1317.947
RX2	1	2.000	1.000	0.000	355334.550	4742262.805	1310.488
RX2	2	2.000	2.000	0.000	355320.513	4742259.998	1307.745
RX2	3	2.000	3.000	0.000	355305.714	4742257.367	1305.244
RX3	1	3.000	1.000	0.000	355276.815	4742251.322	1302.005
RX3	2	3.000	2.000	0.000	355261.998	4742248.611	1301.129
RX3	3	3.000	3.000	0.000	355247.126	4742246.709	1300.578
RX4	1	4.000	1.000	0.000	355218.100	4742239.934	1299.954
RX4	2	4.000	2.000	0.000	355203.450	4742236.979	1299.831
RX4	3	4.000	3.000	0.000	355188.462	4742236.280	1300.243
RX5	1	5.000	1.000	0.000	355158.882	4742241.576	1300.588
RX5	2	5.000	2.000	0.000	355144.187	4742244.231	1300.772
RX5	3	5.000	3.000	0.000	355129.453	4742247.083	1300.884
RX6	1	6.000	1.000	0.000	355100.649	4742253.410	1301.188
RX6	2	6.000	2.000	0.000	355085.847	4742255.512	1301.145
RX6	3	6.000	3.000	0.000	355071.261	4742258.583	1301.278
RX7	1	7.000	1.000	0.000	355046.473	4742265.339	1301.855
RX7	2	7.000	2.000	0.000	355027.202	4742266.440	1301.729
RX7	3	7.000	3.000	0.000	355012.699	4742270.044	1301.874
RX8	1	8.000	1.000	0.000	354983.048	4742275.897	1302.025
RX8	2	8.000	2.000	0.000	354968.428	4742278.567	1302.013
RX8	3	8.000	3.000	0.000	354953.720	4742281.130	1302.146
RX9	1	9.000	1.000	0.000	354924.553	4742286.307	1302.167
RX9	2	9.000	2.000	0.000	354909.962	4742289.207	1302.250
RX9	3	9.000	3.000	0.000	354895.055	4742292.578	1302.331
RX10	1	10.000	1.000	0.000	354865.809	4742298.102	1302.512
RX10	2	10.000	2.000	0.000	354851.080	4742300.985	1302.427
RX10	3	10.000	3.000	0.000	354836.517	4742304.798	1302.036
RX11	1	11.000	1.000	0.000	354807.298	4742310.382	1302.294
RX11	2	11.000	2.000	0.000	354792.557	4742312.745	1302.620
RX11	3	11.000	3.000	0.000	354777.653	4742316.117	1302.423
RX12	1	12.000	1.000	0.000	354748.530	4742322.966	1302.619
RX12	2	12.000	2.000	0.000	354734.394	4742324.044	1301.862
RX12	3	12.000	3.000	0.000	354718.844	4742325.560	1302.024
RX13	1	13.000	1.000	0.000	354689.565	4742331.369	1301.934
RX13	2	13.000	2.000	0.000	354675.023	4742334.220	1301.945
RX13	3	13.000	3.000	0.000	354660.270	4742337.147	1301.953
RX14	1	14.000	1.000	0.000	354630.716	4742342.788	1302.128
RX14	2	14.000	2.000	0.000	354616.285	4742345.963	1302.047
RX14	3	14.000	3.000	0.000	354601.431	4742348.199	1302.257
RX15	1	15.000	1.000	0.000	354572.108	4742354.013	1302.418
RX15	2	15.000	2.000	0.000	354556.957	4742356.535	1302.531
RX15	3	15.000	3.000	0.000	354542.432	4742359.109	1302.642
RX16	1	16.000	1.000	0.000	354513.399	4742364.887	1302.710
RX16	2	16.000	2.000	0.000	354498.031	4742367.886	1302.748
RX16	3	16.000	3.000	0.000	354483.531	4742370.446	1302.786
RX17	1	17.000	1.000	0.000	354453.931	4742376.223	1302.775
RX17	2	17.000	2.000	0.000	354439.494	4742379.570	1302.741
RX17	3	17.000	3.000	0.000	354424.916	4742382.065	1302.787
RX18	1	18.000	1.000	0.000	354395.702	4742388.052	1302.896
RX18	2	18.000	2.000	0.000	354381.650	4742390.254	1302.870
RX18	3	18.000	3.000	0.000	354365.799	4742393.363	1302.878
RX19	1	25.000	1.000	0.000	354336.501	4742398.716	1302.952
RX19	2	25.000	2.000	0.000	354321.780	4742401.280	1302.918
RX19	3	25.000	3.000	0.000	354308.306	4742404.665	1302.666
RX20	1	20.000	1.000	0.000	354277.732	4742410.400	1302.717
RX20	2	20.000	2.000	0.000	354263.106	4742413.391	1302.663
RX20	3	20.000	3.000	0.000	354248.393	4742415.799	1302.735
RX21	1	21.000	1.000	0.000	354218.723	4742421.509	1302.529
RX21	2	21.000	2.000	0.000	354204.281	4742424.200	1302.715
RX21	3	21.000	3.000	0.000	354189.460	4742426.909	1302.579
RX22	1	22.000	1.000	0.000	354159.996	4742432.784	1302.539
RX22	2	22.000	2.000	0.000	354145.556	4742434.901	1302.404
RX22	3	22.000	3.000	0.000	354131.120	4742437.853	1302.439
RX23	1	23.000	1.000	0.000	354101.529	4742444.184	1302.097
RX23	2	23.000	2.000	0.000	354086.286	4742446.750	1301.941
RX23	3	23.000	3.000	0.000	354072.317	4742448.988	1302.049
RX24	1	24.000	1.000	0.000	354042.713	4742455.060	1301.847
RX24	2	24.000	2.000	0.000	354028.122	4742457.754	1301.961
RX24	3	24.000	3.000	0.000	354013.091	4742460.286	1302.049
TX9	1	1009.000	2.000	0.000	355405.173	4742278.347	1331.224
TX10	1	1010.000	2.000	0.000	355349.317	4742266.813	1314.632
TX11	1	1011.000	2.000	0.000	355291.152	4742255.382	1303.383
TX12	1	1012.000	2.000	0.000	355232.447	4742243.801	1300.156
TX13	1	1013.000	2.000	0.000	355174.438	4742239.879	1300.213
TX14	1	1014.000	2.000	0.000	355115.168	4742250.364	1300.893
TX15	1	1015.000	2.000	0.000	355057.663	4742263.521	1301.424
TX16	1	1016.000	2.000	0.000	354998.486	4742272.873	1302.038
TX17	1	1017.000	2.000	0.000	354939.095	4742285.505	1302.107
TX18	1	1018.000	2.000	0.000	354880.737	4742295.888	1302.418
TX19	1	1019.000	2.000	0.000	354821.928	4742307.544	1302.345
TX20	1	1020.000	2.000	0.000	354764.344	4742319.297	1302.445
TX21	1	1021.000	2.000	0.000	354704.751	4742331.326	1300.920
TX22	1	1022.000	2.000	0.000	354645.578	4742341.140	1301.680
TX23	1	1023.000	2.000	0.000	354587.688	4742355.130	1302.336
TX24	1	1024.000	2.000	0.000	354529.181	4742367.205	1302.414
TX25	1	1025.000	2.000	0.000	354470.421	4742379.355	1302.527
TX26	1	1026.000	2.000	0.000	354412.422	4742390.182	1302.630
TX27	1	1027.000	2.000	0.000	354352.760	4742400.210	1302.808
TX28	1	1028.000	2.000	0.000	354293.723	4742413.270	1302.473
TX29	1	1029.000	2.000	0.000	354235.086	4742424.674	1302.383
TX30	1	1030.000	2.000	0.000	354176.472	4742437.030	1302.005
TX31	1	1031.000	2.000	0.000	354117.138	4742445.429	1301.790
TX32	1	1032.000	2.000	0.000	354055.915	4742458.801	1301.023
TX33	1	1033.000	1.000	0.000	353999.613	4742468.976	1301.636
TX1	1	1001.000	2.000	0.000	355873.540	4742384.330	1500.000
