RX1	1	1.000	1.000	0.000	353434.000	4741767.000	1292.000
RX1	2	1.000	2.000	0.000	353282.000	4741894.000	1292.000
RX1	3	1.000	3.000	0.000	353134.000	4742017.000	1292.000
RX2	1	2.000	1.000	0.000	353487.000	4740709.000	1280.000
RX2	2	2.000	2.000	0.000	353410.000	4740892.000	1282.000
RX2	3	2.000	3.000	0.000	353318.000	4741068.000	1284.000
RX3	1	3.000	1.000	0.000	353844.000	4739772.000	1286.000
RX3	2	3.000	2.000	0.000	353753.000	4739943.000	1283.000
RX3	3	3.000	3.000	0.000	353716.000	4740136.000	1283.000
RX4	1	4.000	1.000	0.000	354010.335	4738881.969	1408.000
RX4	2	4.000	2.000	0.000	354018.999	4739080.004	1397.000
RX4	3	4.000	3.000	0.000	354017.996	4739274.649	1390.000
RX5	1	5.000	1.000	0.000	354379.222	4737936.617	1541.000
RX5	2	5.000	2.000	0.000	354373.929	4738032.616	1556.000
RX5	3	5.000	3.000	0.000	354369.589	4738131.797	1552.000
RX6	1	6.000	1.000	0.000	354485.983	4736937.710	1382.000
RX6	2	6.000	2.000	0.000	354501.399	4737127.696	1356.000
RX6	3	6.000	3.000	0.000	354497.622	4737322.742	1330.000
RX7	1	7.000	1.000	0.000	354067.000	4741935.000	1295.000
RX7	2	7.000	2.000	0.000	353985.000	4742097.000	1298.000
RX7	3	7.000	3.000	0.000	353979.000	4742293.000	1300.000
RX8	1	8.000	1.000	0.000	354180.000	4740847.000	1282.000
RX8	2	8.000	2.000	0.000	354065.000	4741002.000	1283.000
RX8	3	8.000	3.000	0.000	353951.000	4741151.000	1285.000
RX9	1	9.000	1.000	0.000	354501.383	4740022.234	1399.000
RX9	2	9.000	2.000	0.000	354400.212	4740120.469	1396.000
RX9	3	9.000	3.000	0.000	354335.104	4740190.729	1383.000
RX10	1	10.000	1.000	0.000	354673.121	4739063.943	1320.000
RX10	2	10.000	2.000	0.000	354675.497	4739159.138	1300.000
RX10	3	10.000	3.000	0.000	354669.675	4739257.438	1298.000
RX11	1	11.000	1.000	0.000	354903.417	4738007.778	1423.000
RX11	2	11.000	2.000	0.000	354898.999	4738103.003	1428.000
RX11	3	11.000	3.000	0.000	354907.120	4738195.572	1412.000
RX12	1	12.000	1.000	0.000	355197.668	4737187.480	1358.000
RX12	2	12.000	2.000	0.000	355199.627	4737382.470	1341.000
RX12	3	12.000	3.000	0.000	355209.696	4737573.286	1339.000
RX13	1	13.000	1.000	0.000	354346.000	4742006.000	1295.000
RX13	2	13.000	2.000	0.000	354361.000	4742201.000	1298.000
RX13	3	13.000	3.000	0.000	354310.000	4742387.000	1302.000
RX14	1	14.000	1.000	0.000	354949.000	4741255.000	1291.000
RX14	2	14.000	2.000	0.000	354757.000	4741250.000	1300.000
RX14	3	14.000	3.000	0.000	354641.000	4741406.000	1288.000
RX15	1	15.000	1.000	0.000	354873.835	4740093.928	1375.000
RX15	2	15.000	2.000	0.000	354799.846	4740257.815	1357.000
RX15	3	15.000	3.000	0.000	354732.106	4740410.880	1308.000
RX16	1	16.000	1.000	0.000	355408.193	4739273.024	1310.000
RX16	2	16.000	2.000	0.000	355380.816	4739354.799	1310.000
RX16	3	16.000	3.000	0.000	355344.887	4739453.553	1321.000
RX17	1	17.000	1.000	0.000	355421.474	4738173.550	1325.000
RX17	2	17.000	2.000	0.000	355466.611	4738367.478	1316.000
RX17	3	17.000	3.000	0.000	355520.364	4738557.984	1314.000
RX18	1	18.000	1.000	0.000	355042.000	4742275.000	1302.000
RX18	2	18.000	2.000	0.000	354969.000	4742447.000	1307.000
RX18	3	18.000	3.000	0.000	354951.000	4742631.000	1312.000
RX19	1	19.000	1.000	0.000	355480.222	4741283.704	1312.000
RX19	2	19.000	2.000	0.000	355395.369	4741456.520	1308.000
RX19	3	19.000	3.000	0.000	355274.079	4741610.220	1298.000
RX20	1	20.000	1.000	0.000	355571.878	4740282.578	1348.000
RX20	2	20.000	2.000	0.000	355625.433	4740471.869	1350.000
RX20	3	20.000	3.000	0.000	355641.913	4740669.732	1345.000
RX21	1	21.000	1.000	0.000	355966.214	4739316.007	1346.000
RX21	2	21.000	2.000	0.000	355822.769	4739440.652	1315.000
RX21	3	21.000	3.000	0.000	355630.152	4739471.236	1312.000
RX22	1	22.000	1.000	0.000	355970.185	4738207.607	1347.000
RX22	2	22.000	2.000	0.000	355881.517	4738379.040	1332.000
RX22	3	22.000	3.000	0.000	355838.978	4738570.388	1320.000
RX23	1	23.000	1.000	0.000	356205.304	4740465.866	1387.000
RX23	2	23.000	2.000	0.000	356105.698	4740600.110	1388.000
RX23	3	23.000	3.000	0.000	355994.335	4740748.237	1371.000
RX24	1	24.000	1.000	0.000	356515.832	4739482.630	1366.000
RX24	2	24.000	2.000	0.000	356544.217	4739670.152	1387.000
RX24	3	24.000	3.000	0.000	356517.683	4739850.993	1401.000
TX	1	1001.000	1.000	0.000	354238.424	4743408.517	1315.000
TX	2	1002.000	2.000	0.000	354360.438	4742620.023	1310.000
TX	3	1003.000	2.000	0.000	353982.727	4742394.379	1301.000
TX	4	1004.000	2.000	0.000	354578.950	4742793.831	1316.000
TX	5	1005.000	2.000	0.000	353599.037	4741915.575	1295.000
TX	6	1006.000	2.000	0.000	354446.519	4741727.141	1292.000
TX	7	1007.000	2.000	0.000	353986.770	4741396.515	1289.000
TX	8	1008.000	2.000	0.000	355166.000	4741815.000	1296.000
TX	9	1009.000	2.000	0.000	353241.970	4741513.993	1289.000
TX	10	1010.000	2.000	0.000	354942.489	4740926.494	1293.000
TX	11	1011.000	2.000	0.000	354158.119	4740618.752	1285.000
TX	12	1012.000	2.000	0.000	355577.476	4740916.714	1329.000
TX	13	1013.000	2.000	0.000	353730.316	4740358.736	1279.000
TX	14	1014.000	2.000	0.000	355935.116	4740865.901	1357.000
TX	15	1015.000	2.000	0.000	355123.622	4739573.073	1316.000
TX	16	1016.000	2.000	0.000	354607.971	4739486.047	1295.000
TX	17	1017.000	2.000	0.000	355515.000	4739953.000	1331.000
TX	18	1018.000	2.000	0.000	354126.219	4739582.882	1292.000
TX	19	1019.000	2.000	0.000	355864.870	4740092.356	1365.000
TX	20	1020.000	2.000	0.000	355485.852	4739093.861	1309.000
TX	21	1021.000	2.000	0.000	354962.136	4738580.363	1400.000
TX	22	1022.000	2.000	0.000	356014.243	4739037.924	1325.000
TX	23	1023.000	2.000	0.000	354547.919	4738600.186	1521.000
TX	24	1024.000	2.000	0.000	355173.273	4737834.465	1326.000
TX	25	1025.000	2.000	0.000	354503.720	4737266.406	1335.000
TX	26	1026.000	2.000	0.000	354465.545	4736317.882	1491.000
TX48NEW	1	1048.000	2.000	0.000	354975.000	4742263.000	1302.000
TX15BIS	1	1151.000	1.000	0.000	355298.000	4739552.000	1307.000
