RX1	1	1.000	1.000	0.000	354317.506	4737785.271	1485.000
RX1	2	1.000	2.000	0.000	354412.854	4737777.591	1480.000
RX1	3	1.000	3.000	0.000	354501.860	4737819.984	1487.000
RX2	1	2.000	1.000	0.000	354184.304	4738657.759	1470.000
RX2	2	2.000	2.000	0.000	354136.509	4738738.649	1459.000
RX2	3	2.000	3.000	0.000	354113.993	4738830.896	1431.000
RX3	1	3.000	1.000	0.000	353620.167	4739408.407	1287.000
RX3	2	3.000	2.000	0.000	353746.161	4739543.935	1290.000
RX3	3	3.000	3.000	0.000	353681.120	4739713.632	1285.000
RX4	1	4.000	1.000	0.000	353666.826	4740192.656	1283.000
RX4	2	4.000	2.000	0.000	353606.523	4740377.359	1279.000
RX4	3	4.000	3.000	0.000	353533.761	4740560.669	1279.000
RX5	1	5.000	1.000	0.000	353293.956	4741047.378	1283.000
RX5	2	5.000	2.000	0.000	353189.781	4741199.142	1284.000
RX5	3	5.000	3.000	0.000	353082.360	4741359.190	1286.000
RX6	1	6.000	1.000	0.000	353648.039	4737669.658	1476.000
RX6	2	6.000	2.000	0.000	353842.964	4737686.987	1481.000
RX6	3	6.000	3.000	0.000	354008.664	4737792.265	1489.000
RX7	1	7.000	1.000	0.000	353597.854	4738384.998	1460.000
RX7	2	7.000	2.000	0.000	353559.860	4738572.890	1412.000
RX7	3	7.000	3.000	0.000	353532.232	4738763.236	1376.000
RX8	1	8.000	1.000	0.000	353269.744	4739352.410	1281.000
RX8	2	8.000	2.000	0.000	353194.205	4739532.225	1278.000
RX8	3	8.000	3.000	0.000	353194.622	4739728.416	1279.000
RX9	1	9.000	1.000	0.000	352882.310	4740303.129	1274.000
RX9	2	9.000	2.000	0.000	352816.013	4740493.186	1275.000
RX9	3	9.000	3.000	0.000	352742.512	4740671.405	1277.000
RX10	1	10.000	1.000	0.000	353141.544	4737177.494	1379.000
RX10	2	10.000	2.000	0.000	353139.920	4737370.510	1422.000
RX10	3	10.000	3.000	0.000	353121.916	4737551.321	1420.000
RX11	1	11.000	1.000	0.000	352984.729	4738141.954	1336.000
RX11	2	11.000	2.000	0.000	352939.777	4738321.224	1273.000
RX11	3	11.000	3.000	0.000	352889.489	4738511.053	1272.000
RX12	1	12.000	1.000	0.000	352721.744	4739174.388	1274.000
RX12	2	12.000	2.000	0.000	352706.896	4739368.081	1274.000
RX12	3	12.000	3.000	0.000	352700.899	4739556.878	1274.000
RX13	1	13.000	1.000	0.000	352485.825	4740136.967	1272.000
RX13	2	13.000	2.000	0.000	352412.056	4740310.510	1273.000
RX13	3	13.000	3.000	0.000	352340.688	4740492.177	1273.000
RX14	1	14.000	1.000	0.000	352879.630	4736256.907	1403.000
RX14	2	14.000	2.000	0.000	352992.424	4736397.984	1354.000
RX14	3	14.000	3.000	0.000	353070.258	4736572.405	1334.000
RX15	1	15.000	1.000	0.000	352672.562	4737293.036	1339.000
RX15	2	15.000	2.000	0.000	352632.155	4737481.885	1293.000
RX15	3	15.000	3.000	0.000	352583.186	4737672.239	1272.000
RX16	1	16.000	1.000	0.000	352525.100	4737860.906	1273.000
RX16	2	16.000	2.000	0.000	352460.927	4738055.590	1273.000
RX16	3	16.000	3.000	0.000	352403.613	4738249.349	1272.000
RX17	1	17.000	1.000	0.000	352298.758	4738967.450	1273.000
RX17	2	17.000	2.000	0.000	352188.992	4739174.962	1273.000
RX17	3	17.000	3.000	0.000	352204.002	4739356.774	1273.000
RX18	1	18.000	1.000	0.000	351696.637	4740161.606	1276.000
RX18	2	18.000	2.000	0.000	351817.811	4740300.706	1275.000
RX18	3	18.000	3.000	0.000	351917.985	4740471.284	1273.000
RX19	1	19.000	1.000	0.000	352137.228	4736950.418	1351.000
RX19	2	19.000	2.000	0.000	352106.280	4737114.396	1295.000
RX19	3	19.000	3.000	0.000	352051.511	4737312.332	1282.000
RX20	1	20.000	1.000	0.000	351930.755	4737688.434	1271.000
RX20	2	20.000	2.000	0.000	351885.204	4737884.503	1274.000
RX20	3	20.000	3.000	0.000	351828.934	4738080.588	1272.000
RX21	1	21.000	1.000	0.000	351594.914	4738834.286	1273.000
RX21	2	21.000	2.000	0.000	351569.710	4739029.169	1273.000
RX21	3	21.000	3.000	0.000	351541.688	4739222.913	1278.000
RX22	1	22.000	1.000	0.000	351486.262	4739854.172	1277.000
RX22	2	22.000	2.000	0.000	351497.336	4740053.072	1278.000
RX22	3	22.000	3.000	0.000	351442.728	4740246.224	1282.000
RX23	1	23.000	1.000	0.000	351515.517	4737880.991	1412.000
RX23	2	23.000	2.000	0.000	351510.522	4738092.871	1384.000
RX23	3	23.000	3.000	0.000	351484.122	4738269.502	1397.000
RX24	1	24.000	1.000	0.000	351367.846	4738874.467	1327.000
RX24	2	24.000	2.000	0.000	351394.928	4739082.373	1311.000
RX24	3	24.000	3.000	0.000	351373.859	4739275.676	1308.000
TX1	1	1001.000	1.000	0.000	354222.997	4735395.002	1501.000
TX2	1	1002.000	2.000	0.000	352623.496	4736401.963	1351.000
TX3	1	1003.000	2.000	0.000	353378.805	4737096.016	1336.000
TX4	1	1004.000	2.000	0.000	353004.870	4736724.800	1338.000
TX5	1	1005.000	2.000	0.000	353861.543	4737207.872	1333.000
TX6	1	1006.000	2.000	0.000	352234.652	4736641.919	1471.000
TX7	1	1007.000	2.000	0.000	354355.973	4737269.631	1328.000
TX8	1	1008.000	2.000	0.000	353300.016	4737709.510	1438.000
TX9	1	1009.000	2.000	0.000	352789.118	4738250.658	1274.000
TX10	1	1010.000	2.000	0.000	353629.351	4737972.186	1587.000
TX11	1	1011.000	2.000	0.000	352372.845	4737924.133	1272.000
TX12	1	1012.000	2.000	0.000	354027.335	4738131.284	1625.000
TX13	1	1013.000	2.000	0.000	351898.036	4737776.941	1273.000
TX14	1	1014.000	2.000	0.000	352749.164	4738891.340	1273.000
TX15	1	1015.000	2.000	0.000	352153.096	4738729.556	1273.000
TX17	1	1017.000	2.000	0.000	351674.735	4738557.971	1273.000
TX18	1	1018.000	2.000	0.000	353587.000	4739064.000	1300.000
TX20	1	1020.000	2.000	0.000	352743.000	4739897.000	1273.000
TX21	1	1021.000	2.000	0.000	352276.000	4739721.000	1272.000
TX22	1	1022.000	2.000	0.000	353197.196	4740103.103	1278.000
TX23	1	1023.000	2.000	0.000	351817.000	4739513.000	1273.000
TX24	1	1024.000	2.000	0.000	353683.000	4740018.000	1283.000
TX25	1	1025.000	2.000	0.000	353695.000	4740509.000	1279.000
TX26	1	1026.000	2.000	0.000	352055.738	4741002.749	1323.000
TX83	1	1083.000	2.000	0.000	353079.273	4738603.997	1273.000
TX84	1	1084.000	2.000	0.000	353171.178	4739088.653	1282.000
TX85	1	1085.000	2.000	0.000	353200.433	4739582.642	1278.000
TX262	1	1262.000	2.000	0.000	352891.634	4740479.126	1275.000
TX263	1	1263.000	2.000	0.000	352478.864	4740752.593	1278.000
